77.161
161.479
182.071
112.160
152.396
150.873
133.006
136.265
42.960
152.279
197.271
15.912
85.528
259.514
74.462
138.315
100.865
121.013
131.074
245.928
51.482
153.738
213.937
54.861
37.713
173.452
189.440
227.526
140.657
442.172
236.894
50.759
242.498
137.089
161.771
80.511
25.880
13.641
53.475
461.406
335.373
185.565
161.986
255.031
63.272
217.007
45.757
48.911
49.491
49.370
168.475
149.858
144.497
21.335
188.600
177.885
19.846
190.639
14.847
117.679
434.347
181.616
242.503
78.037
162.103
35.614
123.917
392.236
67.488
53.752
171.508
88.193
53.315
268.368
164.022
14.625
378.981
129.502
30.986
148.706
83.518
378.167
135.339
193.573
102.457
104.476
76.571
269.329
129.443
199.238
89.605
129.833
184.343
221.133
56.231
170.908
128.791
115.671
122.041
136.489
38.093
141.585
71.378
158.861
247.438
76.730
72.258
13.362
116.890
230.409
232.821
21.133
293.370
83.653
48.769
194.607
176.193
139.661
273.801
111.657
229.946
206.056
139.509
171.958
456.488
182.305
262.168
230.535
28.679
421.216
14.034
290.475
159.226
169.055
255.390
194.060
217.354
142.955
433.466
6.894
52.108
110.720
138.078
142.941
36.366
119.771
119.133
349.607
179.604
34.824
94.893
46.596
405.768
269.722
48.349
9.474
229.606
69.187
44.565
106.560
152.344
143.271
107.479
77.382
29.765
158.543
18.107
365.946
41.185
27.710
287.147
257.340
6.574
187.584
254.561
87.025
55.296
249.818
211.200
260.934
63.987
61.381
14.783
110.845
155.283
167.832
148.223
336.616
18.358
42.709
153.000
223.712
269.573
71.472
136.908
239.136
252.691
184.625
154.113
138.654
181.693
102.808
334.567
266.736
240.648
26.165
116.451
78.558
291.519
197.703
365.946
106.252
172.466
94.205
178.352
106.113
368.578
249.596
91.875
238.150
70.369
187.832
85.193
19.084
259.677
84.921
460.221
11.419
45.784
192.011
27.455
272.663
80.339
190.052
242.920
94.795
6.912
55.390
148.097
143.589
24.211
58.882
274.478
45.010
259.406
263.282
288.225
194.385
33.939
297.002
15.102
104.082
309.871
81.984
71.920
91.387
143.235
132.344
162.751
261.360
150.035
161.007
178.942
73.469
247.709
245.238
104.720
511.744
31.399
59.212
406.625
80.910
108.257
128.511
143.978
251.537
149.384
105.191
100.794
54.427
88.132
66.581
19.415
278.843
91.300
80.477
182.979
245.031
147.599
12.146
460.367
108.964
268.605
75.002
199.569
75.177
161.461
157.102
186.555
222.844
40.724
244.105
184.478
41.106
62.221
75.761
18.435
181.596
259.659
266.645
96.368
411.773
50.826
146.921
176.839
150.282
174.948
47.097
86.355
48.473
116.083
214.726
61.017
34.800
72.819
460.367
243.904
182.697
147.403
101.185
468.965
447.139
144.954
233.973
161.845
67.396
210.510
207.212
133.542
361.167
263.917
248.222
101.353
269.709
97.379
50.155
48.306
262.412
259.415
116.598
38.086
278.843
509.831
78.430
170.929
265.926
93.552
141.109
184.778
427.598
277.320
276.287
247.610
73.162
103.797
85.381
130.878
42.265
80.518
112.183
146.096
268.164
23.124
135.258
63.494
159.396
94.270
198.193
33.336
255.502
249.935
72.326
261.671
87.697
261.769
34.285
184.906
59.161
53.418
279.919
141.050
166.148
450.606
141.707
313.498
81.438
208.461
65.955
63.780
134.561
31.991
118.376
232.479
64.483
145.742
294.729
97.290
293.851
177.330
239.068
31.680
190.445
57.934
261.154
248.715
414.441
199.582
91.888
72.349
409.144
179.780
133.430
38.696
160.806
106.546
174.684
76.400
102.658
183.472
48.715
120.088
281.636
102.497
244.802
419.747
181.016
163.719
225.642
409.309
270.517
186.987
390.319
297.090
160.172
52.704
45.158
22.360
109.934
82.642
130.015
128.071
70.966
110.027
174.195
261.767
27.327
8.019
194.701
134.351
247.173
73.010
246.550
52.585
96.823
174.828
16.207
46.060
41.612
13.339
296.465
114.442
58.221
47.589
188.296
451.709
231.757
41.426
33.594
183.937
293.851
20.483
148.811
215.695
215.032
114.334
213.222
50.888
153.015
94.188
109.112
97.879
170.787
29.422
256.345
244.802
117.688
271.517
145.970
268.943
152.312
63.919
161.561
79.748
79.969
99.185
82.342
77.155
188.011
31.503
25.452
184.233
145.996
166.516
200.332
290.736
57.900
51.414
164.604
139.376
25.125
111.136
161.621
79.854
29.480
291.239
273.053
178.991
419.270
233.777
179.909
190.945
62.052
190.744
177.676
268.246
83.132
79.728
165.452
227.618
45.812
27.359
273.450
287.653
110.609
151.038
230.376
82.956
44.486
128.545
214.183
66.099
254.000
45.843
23.110
115.381
98.230
156.937
112.747
27.938
154.969
111.203
94.635
251.676
58.517
267.161
21.876
154.206
114.120
87.204
167.127
442.662
266.810
50.313
301.548
267.880
172.861
223.465
19.169
452.572
177.372
58.357
64.599
177.418
175.272
257.304
47.418
220.341
142.563
242.385
207.632
136.227
27.726
84.011
173.765
144.724
155.003
235.328
227.316
106.164
42.940
111.692
107.877
269.834
77.876
149.250
436.304
102.088
98.243
173.450
436.647
164.927
126.863
284.674
95.294
124.717
133.847
163.444
131.995
162.963
23.713
35.173
142.988
53.155
297.705
120.718
73.816
77.055
104.703
176.488
157.140
145.001
16.712
441.030
158.240
64.902
47.424
182.368
22.647
177.455
92.701
152.581
78.261
47.274
253.216
168.527
18.011
257.649
174.255
44.377
53.621
78.550
144.504
140.769
133.041
28.339
156.730
86.120
151.803
261.522
61.106
90.345
10.070
436.764
36.984
81.733
455.848
137.100
52.077
163.728
85.737
285.744
198.750
68.055
376.605
163.478
114.267
267.297
164.772
117.049
148.732
87.200
18.997
90.911
149.195
278.503
145.655
199.919
88.486
355.953
89.033
65.688
156.113
166.693
260.539
284.583
404.308
136.724
118.113
201.784
62.274
119.595
132.674
191.712
456.728
268.287
88.403
218.587
344.506
285.744
130.489
165.337
266.371
341.314
58.017
119.810
53.833
57.383
105.520
98.669
57.351
64.606
153.700
140.283
291.377
81.510
223.032
140.437
277.172
267.696
262.889
99.004
230.714
134.575
95.078
174.151
112.843
64.182
23.303
121.477
87.225
70.355
284.583
264.141
129.718
139.702
73.011
124.234
119.564
158.715
324.493
166.671
54.916
242.213
136.252
37.069
79.938
21.575
160.744
188.707
99.068
155.328
269.291
96.852
75.769
286.056
67.848
96.248
112.583
188.221
376.605
71.400
182.389
10.923
127.483
46.393
155.532
59.983
102.980
95.342
76.183
63.939
146.648
82.872
59.636
154.292
35.756
96.382
76.825
117.326
156.933
170.286
5.984
92.572
239.031
61.142
258.530
74.803
108.991
251.304
180.991
428.312
155.774
317.427
101.556
161.897
165.555
232.122
183.173
15.838
86.268
104.564
272.545
158.439
44.705
83.604
267.193
282.386
100.840
158.844
20.475
187.041
192.124
135.673
147.850
216.989
123.666
54.673
184.957
244.201
55.901
168.288
147.190
89.143
29.626
16.245
218.402
74.291
143.101
118.168
135.820
131.644
229.834
249.254
428.952
191.013
48.591
170.814
219.704
18.936
80.311
276.476
71.185
147.118
221.776
61.661
357.476
0.152
240.194
124.982
142.621
46.543
74.976
39.864
157.750
244.690
168.090
155.801
106.334
51.355
49.860
239.303
135.879
159.820
79.423
190.497
97.214
229.909
186.124
220.618
185.519
235.348
141.599
16.364
332.047
53.015
140.816
101.501
266.929
6.289
239.555
85.559
189.985
205.105
115.951
51.602
60.074
137.716
460.898
27.302
6.446
143.894
21.600
137.108
84.360
197.154
230.535
220.135
122.152
246.725
194.233
96.720
16.786
152.015
67.300
118.387
216.071
54.811
258.100
49.993
7.394
127.302
19.661
179.389
36.949
43.461
364.480
260.668
150.455
67.244
281.489
212.353
251.002
137.533
106.596
75.602
57.959
58.430
2.005
83.043
76.337
6.745
326.435
142.258
134.433
242.562
172.237
70.339
44.046
85.945
287.719
109.110
73.113
169.823
111.235
108.642
305.240
249.747
231.188
95.461
301.664
270.252
264.716
91.887
35.282
291.780
135.827
123.651
171.423
123.156
75.730
104.790
87.862
75.183
43.132
217.598
344.123
139.797
153.840
14.506
68.552
155.728
291.758
258.100
120.624
244.787
39.001
249.180
121.020
26.477
434.375
53.784
148.761
64.751
169.162
156.765
110.679
257.509
144.620
142.371
184.504
242.480
21.646
176.858
218.402
44.608
175.433
368.151
370.293
194.422
122.465
50.823
170.347
87.687
249.172
142.698
163.620
48.490
171.819
214.387
12.022
38.914
65.596
179.804
162.995
99.697
95.524
17.041
15.121
109.527
151.617
257.509
88.862
17.669
153.516
84.211
170.380
153.394
144.564
136.565
253.971
111.284
132.728
152.063
146.084
21.626
182.789
213.835
261.776
189.025
204.767
166.563
365.724
143.056
161.829
253.710
243.319
90.721
6.483
166.642
297.501
149.663
388.635
211.051
69.038
26.463
20.429
231.133
252.786
180.825
126.979
178.671
14.971
177.455
167.716
60.169
281.999
140.300
50.081
248.605
51.619
241.381
43.951
446.097
235.149
224.119
18.174
123.766
177.762
46.622
59.942
124.021
236.006
134.644
117.686
90.240
372.656
224.800
150.288
141.374
273.367
411.207
230.375
226.691
81.898
106.172
83.701
156.633
153.935
45.678
497.500
157.079
188.246
99.268
47.533
42.883
267.743
44.524
119.241
235.361
39.276
235.964
267.811
96.835
104.279
160.137
196.544
61.712
18.072
172.896
119.856
132.115
91.966
127.468
100.201
133.184
246.710
73.119
48.574
222.675
249.192
493.630
297.041
161.086
156.773
172.696
81.321
143.886
102.757
98.830
94.270
134.759
45.605
42.856
241.762
175.092
98.166
185.698
30.277
72.558
175.775
35.346
31.289
114.952
50.860
124.775
158.561
414.589
262.393
62.291
41.287
170.514
255.123
94.480
85.100
18.234
163.277
174.737
102.113
47.295
165.711
292.999
71.334
285.709
126.418
62.175
265.226
258.465
228.381
304.048
100.493
270.655
257.583
72.010
27.390
183.904
20.039
144.803
449.786
287.530
69.032
85.412
159.028
77.328
41.458
231.249
118.292
165.026
163.311
118.185
64.389
177.827
169.199
91.704
47.513
262.998
127.622
93.453
158.617
272.112
300.471
51.316
171.866
20.647
205.463
195.633
366.019
75.265
300.794
136.074
134.524
284.591
325.827
70.174
53.530
134.804
229.115
239.806
39.534
293.999
32.390
13.584
21.604
117.263
169.482
266.182
257.560
41.007
56.638
104.755
290.260
303.374
33.362
237.734
156.278
75.188
256.604
171.854
245.820
58.897
160.135
151.724
72.558
283.861
263.580
493.630
151.169
11.495
173.982
169.957
136.498
14.571
97.929
36.982
135.101
265.895
427.606
125.597
161.264
122.585
35.753
116.340
271.371
52.508
178.150
59.223
179.025
120.673
189.818
243.311
184.896
154.427
283.981
91.279
63.408
107.131
19.820
267.954
233.905
349.840
211.119
59.145
314.737
36.939
114.391
59.318
70.568
245.690
69.716
74.626
261.437
178.950
196.777
54.730
372.456
470.834
66.045
279.050
