70.000
174.000
196.000
120.000
160.000
158.000
142.000
132.000
52.000
140.000
186.000
24.000
58.000
280.000
78.000
120.000
110.000
126.000
140.000
235.000
48.000
134.000
210.000
56.000
30.000
180.000
172.000
250.000
164.000
500.000
245.000
54.000
250.000
146.000
186.000
90.000
10.000
4.000
54.000
500.000
350.000
174.000
150.000
250.000
42.000
235.000
48.000
54.000
42.000
56.000
172.000
156.000
148.000
30.000
198.000
182.000
6.000
176.000
30.000
110.000
450.000
194.000
225.000
76.000
148.000
28.000
126.000
400.000
8.000
46.000
168.000
88.000
72.000
275.000
176.000
2.000
350.000
142.000
24.000
148.000
66.000
400.000
162.000
172.000
76.000
116.000
76.000
280.000
144.000
205.000
86.000
124.000
192.000
235.000
64.000
152.000
142.000
130.000
108.000
136.000
40.000
140.000
102.000
166.000
250.000
66.000
120.000
16.000
134.000
225.000
210.000
2.000
295.000
90.000
46.000
192.000
160.000
116.000
275.000
128.000
225.000
192.000
138.000
154.000
500.000
182.000
285.000
205.000
26.000
450.000
16.000
295.000
168.000
174.000
250.000
196.000
225.000
146.000
450.000
6.000
46.000
116.000
142.000
152.000
26.000
130.000
126.000
350.000
190.000
22.000
104.000
38.000
450.000
250.000
20.000
8.000
235.000
80.000
30.000
106.000
156.000
174.000
92.000
120.000
20.000
166.000
26.000
400.000
42.000
18.000
300.000
290.000
2.000
188.000
200.000
82.000
54.000
220.000
220.000
295.000
38.000
74.000
8.000
112.000
142.000
182.000
156.000
350.000
26.000
24.000
150.000
200.000
275.000
88.000
146.000
215.000
275.000
176.000
160.000
122.000
178.000
124.000
350.000
235.000
250.000
34.000
104.000
44.000
300.000
186.000
400.000
108.000
154.000
102.000
152.000
102.000
350.000
265.000
100.000
230.000
80.000
176.000
62.000
28.000
275.000
68.000
500.000
10.000
38.000
190.000
22.000
275.000
58.000
178.000
225.000
104.000
12.000
60.000
150.000
118.000
18.000
62.000
275.000
58.000
265.000
250.000
285.000
215.000
38.000
300.000
8.000
114.000
300.000
72.000
64.000
74.000
148.000
132.000
176.000
290.000
146.000
152.000
180.000
82.000
230.000
220.000
108.000
500.000
46.000
34.000
400.000
84.000
92.000
144.000
136.000
240.000
140.000
58.000
100.000
58.000
72.000
66.000
14.000
250.000
56.000
70.000
170.000
205.000
130.000
6.000
500.000
90.000
260.000
80.000
198.000
70.000
148.000
162.000
188.000
215.000
44.000
225.000
170.000
54.000
40.000
94.000
22.000
184.000
255.000
265.000
66.000
400.000
42.000
132.000
146.000
152.000
158.000
44.000
32.000
34.000
106.000
205.000
66.000
20.000
62.000
500.000
210.000
180.000
146.000
62.000
450.000
450.000
138.000
270.000
144.000
70.000
178.000
210.000
118.000
350.000
260.000
255.000
106.000
240.000
68.000
36.000
42.000
235.000
250.000
94.000
20.000
250.000
500.000
76.000
144.000
235.000
90.000
150.000
188.000
400.000
255.000
280.000
235.000
86.000
120.000
96.000
134.000
34.000
76.000
98.000
128.000
300.000
16.000
110.000
66.000
148.000
50.000
180.000
40.000
255.000
220.000
64.000
250.000
72.000
225.000
38.000
180.000
64.000
68.000
295.000
122.000
12.000
450.000
116.000
300.000
52.000
205.000
78.000
48.000
130.000
12.000
96.000
220.000
46.000
120.000
275.000
86.000
275.000
180.000
225.000
4.000
194.000
50.000
255.000
205.000
400.000
184.000
94.000
94.000
400.000
198.000
114.000
22.000
138.000
80.000
166.000
14.000
56.000
184.000
44.000
112.000
275.000
94.000
250.000
400.000
180.000
140.000
182.000
400.000
255.000
200.000
350.000
300.000
142.000
48.000
42.000
24.000
114.000
62.000
148.000
112.000
66.000
102.000
178.000
265.000
24.000
12.000
178.000
18.000
225.000
62.000
250.000
50.000
78.000
158.000
10.000
50.000
22.000
10.000
285.000
120.000
52.000
54.000
176.000
500.000
205.000
32.000
20.000
166.000
275.000
4.000
134.000
200.000
194.000
114.000
194.000
22.000
132.000
96.000
118.000
80.000
160.000
18.000
220.000
250.000
104.000
260.000
138.000
210.000
162.000
68.000
150.000
82.000
94.000
102.000
98.000
60.000
166.000
32.000
12.000
178.000
136.000
164.000
184.000
260.000
52.000
36.000
130.000
128.000
14.000
98.000
158.000
60.000
20.000
285.000
280.000
166.000
400.000
250.000
186.000
200.000
70.000
186.000
192.000
280.000
74.000
92.000
188.000
220.000
38.000
44.000
290.000
300.000
116.000
150.000
250.000
132.000
48.000
152.000
210.000
66.000
230.000
42.000
6.000
126.000
124.000
172.000
114.000
28.000
148.000
90.000
88.000
230.000
106.000
240.000
14.000
182.000
122.000
68.000
190.000
450.000
275.000
54.000
290.000
285.000
188.000
225.000
12.000
450.000
194.000
52.000
68.000
200.000
176.000
275.000
8.000
230.000
168.000
240.000
220.000
10.000
30.000
2.000
166.000
158.000
162.000
225.000
225.000
96.000
64.000
110.000
74.000
275.000
132.000
140.000
450.000
84.000
114.000
194.000
450.000
168.000
130.000
275.000
98.000
130.000
134.000
170.000
144.000
48.000
44.000
36.000
140.000
36.000
300.000
138.000
72.000
82.000
110.000
200.000
4.000
154.000
22.000
450.000
172.000
78.000
84.000
48.000
30.000
192.000
96.000
158.000
82.000
32.000
250.000
190.000
14.000
245.000
186.000
44.000
50.000
84.000
2.000
152.000
150.000
26.000
180.000
114.000
176.000
260.000
64.000
106.000
8.000
500.000
38.000
82.000
450.000
142.000
66.000
84.000
82.000
300.000
200.000
52.000
350.000
184.000
126.000
295.000
170.000
114.000
148.000
6.000
14.000
92.000
130.000
275.000
150.000
225.000
2.000
350.000
106.000
90.000
148.000
186.000
265.000
300.000
400.000
130.000
124.000
198.000
60.000
124.000
146.000
200.000
500.000
270.000
102.000
240.000
350.000
300.000
104.000
20.000
240.000
350.000
56.000
116.000
50.000
40.000
126.000
96.000
86.000
70.000
164.000
178.000
300.000
78.000
210.000
136.000
270.000
275.000
270.000
36.000
201.000
182.000
100.000
178.000
114.000
74.000
28.000
118.000
88.000
104.000
300.000
290.000
166.000
4.000
70.000
136.000
130.000
184.000
350.000
170.000
50.000
255.000
122.000
48.000
70.000
34.000
172.000
215.000
112.000
140.000
275.000
98.000
70.000
290.000
68.000
104.000
118.000
200.000
350.000
62.000
192.000
16.000
88.000
42.000
160.000
94.000
108.000
106.000
80.000
74.000
112.000
72.000
62.000
166.000
36.000
18.000
94.000
128.000
168.000
196.000
18.000
106.000
285.000
52.000
295.000
46.000
110.000
290.000
184.000
500.000
168.000
350.000
88.000
170.000
200.000
225.000
192.000
26.000
80.000
104.000
280.000
200.000
56.000
76.000
275.000
285.000
34.000
160.000
26.000
200.000
196.000
146.000
144.000
194.000
126.000
56.000
198.000
275.000
2.000
184.000
164.000
94.000
30.000
28.000
250.000
64.000
132.000
110.000
92.000
152.000
270.000
225.000
500.000
196.000
40.000
156.000
280.000
12.000
94.000
300.000
74.000
142.000
215.000
62.000
400.000
6.000
260.000
126.000
158.000
68.000
4.000
44.000
182.000
260.000
170.000
156.000
118.000
50.000
58.000
270.000
152.000
156.000
72.000
194.000
108.000
255.000
192.000
225.000
196.000
245.000
154.000
20.000
350.000
62.000
150.000
74.000
295.000
10.000
210.000
110.000
198.000
205.000
134.000
66.000
78.000
142.000
500.000
8.000
10.000
156.000
16.000
134.000
84.000
194.000
194.000
240.000
122.000
275.000
192.000
110.000
22.000
188.000
14.000
118.000
245.000
2.000
250.000
50.000
2.000
98.000
6.000
200.000
40.000
44.000
400.000
235.000
176.000
84.000
300.000
225.000
245.000
152.000
92.000
86.000
68.000
64.000
16.000
100.000
60.000
16.000
350.000
138.000
144.000
300.000
190.000
26.000
50.000
76.000
285.000
104.000
80.000
168.000
118.000
122.000
290.000
250.000
220.000
88.000
300.000
245.000
275.000
88.000
38.000
295.000
154.000
124.000
162.000
146.000
86.000
116.000
76.000
82.000
58.000
210.000
400.000
158.000
150.000
4.000
78.000
162.000
300.000
250.000
104.000
275.000
28.000
260.000
118.000
34.000
500.000
78.000
136.000
4.000
178.000
144.000
102.000
275.000
174.000
152.000
196.000
260.000
36.000
166.000
250.000
50.000
188.000
400.000
400.000
200.000
136.000
20.000
180.000
92.000
265.000
144.000
168.000
56.000
174.000
198.000
20.000
40.000
72.000
190.000
182.000
100.000
106.000
20.000
30.000
142.000
168.000
275.000
98.000
12.000
164.000
100.000
166.000
132.000
148.000
122.000
245.000
124.000
138.000
148.000
194.000
6.000
190.000
230.000
255.000
200.000
200.000
188.000
400.000
160.000
190.000
198.000
210.000
96.000
8.000
170.000
300.000
138.000
400.000
182.000
86.000
34.000
16.000
205.000
250.000
192.000
162.000
172.000
18.000
160.000
172.000
54.000
275.000
136.000
36.000
240.000
32.000
245.000
36.000
450.000
230.000
230.000
14.000
128.000
174.000
40.000
68.000
108.000
250.000
132.000
108.000
82.000
350.000
250.000
225.000
158.000
275.000
400.000
225.000
205.000
106.000
124.000
106.000
146.000
164.000
30.000
500.000
154.000
196.000
96.000
42.000
18.000
275.000
24.000
116.000
210.000
42.000
250.000
245.000
76.000
96.000
164.000
200.000
38.000
24.000
170.000
152.000
128.000
82.000
98.000
102.000
134.000
235.000
22.000
24.000
225.000
240.000
500.000
300.000
156.000
158.000
140.000
78.000
144.000
96.000
104.000
90.000
146.000
44.000
54.000
225.000
176.000
108.000
184.000
12.000
48.000
180.000
36.000
32.000
108.000
42.000
118.000
140.000
400.000
260.000
70.000
46.000
160.000
230.000
92.000
92.000
10.000
160.000
178.000
88.000
56.000
174.000
275.000
62.000
285.000
126.000
52.000
265.000
255.000
205.000
300.000
114.000
265.000
265.000
60.000
14.000
184.000
26.000
138.000
450.000
280.000
64.000
98.000
172.000
86.000
28.000
225.000
122.000
156.000
180.000
112.000
72.000
154.000
170.000
34.000
44.000
280.000
122.000
110.000
225.000
270.000
300.000
50.000
176.000
6.000
200.000
196.000
350.000
72.000
300.000
126.000
98.000
300.000
300.000
78.000
46.000
164.000
205.000
245.000
38.000
300.000
32.000
16.000
22.000
102.000
160.000
215.000
260.000
38.000
52.000
100.000
280.000
275.000
34.000
225.000
166.000
76.000
270.000
168.000
225.000
26.000
162.000
174.000
70.000
260.000
270.000
500.000
126.000
14.000
190.000
196.000
138.000
12.000
114.000
24.000
132.000
250.000
450.000
134.000
162.000
122.000
30.000
100.000
270.000
90.000
194.000
66.000
164.000
130.000
174.000
250.000
198.000
142.000
280.000
108.000
56.000
116.000
18.000
250.000
225.000
350.000
200.000
56.000
300.000
28.000
110.000
60.000
88.000
215.000
60.000
76.000
250.000
170.000
192.000
40.000
350.000
450.000
60.000
295.000
